	price
0	189.0
1	243.0
2	179.0
3	48.0
4	39.8
5	49.8
6	35.0
7	89.0
8	1.4
9	3.8
10	550.0
11	1.1
12	49.0
13	198.0
14	89.0
15	22.8
16	235.2
17	12.9
18	34.98
19	79.0
20	1.05
21	49.0
22	115.0
23	39.0
24	19.9
25	65.0
26	168.0
27	44.8
28	42.9
29	1.6
30	119.0
31	68.0
32	388.0
33	79.98
34	18.0
35	168.0
36	9.0
37	49.9
38	129.0
39	45.0
40	2.5
41	116.0
42	43.5
43	8.4
44	138.0
45	89.0
46	59.0
47	69.0
48	69.0
49	74.0
50	29.9
51	159.0
52	19.8
53	69.0
54	58.0
55	88.0
56	14.5
57	29.0
58	48.0
59	88.0
60	66.0
61	33.8
62	29.9
63	99.0
64	52.0
65	16.0
66	129.0
67	13.9
68	39.9
69	42.0
70	138.0
71	89.9
72	3.2
73	7.6
74	39.9
75	9.5
76	158.0
77	22.8
78	57.0
79	2.58
80	128.0
81	0.6
82	1.7
83	65.9
84	7.5
85	459.0
86	53.0
87	9.99
88	55.0
89	198.0
90	39.8
91	8.8
92	55.0
93	49.0
94	12.9
95	119.0
96	58.0
97	128.0
98	58.0
99	49.0
100	0.25
101	3.5
102	12.5
103	43.92
104	2.8
105	115.0
106	425.0
107	12.5
108	8.8
109	109.0
110	38.92
111	238.0
112	69.8
113	6.8
114	59.0
115	137.8
116	128.0
117	59.9
118	58.0
119	118.0
120	39.8
121	266.0
122	16.5
123	298.0
124	69.0
125	49.8
126	57.99
127	5.0
128	218.0
129	50.0
130	2.3
131	128.0
132	68.0
133	88.0
134	148.0
135	65.0
136	1.0
137	599.0
138	69.0
139	89.9
140	49.0
141	6.8
142	69.0
143	223.0
144	55.99
145	8.5
146	88.0
147	29.0
148	2.29
149	0.6
150	399.0
151	9.3
152	70.0
153	39.0
154	19.9
155	48.9
156	52.0
157	389.0
158	4.5
159	14.5
160	23.8
161	5.0
162	3.5
163	72.5
164	169.0
165	1.65
166	49.8
167	49.9
168	98.0
169	25.8
170	13.9
171	33.0
172	78.0
173	42.0
174	69.9
175	389.0
176	52.0
177	59.0
178	39.9
179	28.92
180	30.8
181	65.7
182	1288.0
183	3.8
184	19.8
185	34.88
186	12.9
187	120.0
188	3.5
189	5.5
190	198.0
191	158.0
192	158.0
193	668.0
194	32.5
195	198.0
196	235.0
197	18.0
198	8.8
199	24.5
200	12.6
201	185.0
202	279.8
203	78.0
204	78.0
205	168.0
206	38.0
207	3.8
208	13.8
209	88.0
210	5.0
211	29.0
212	0.08
213	12.11
214	60.0
215	99.0
216	0.4
217	69.0
218	13.0
219	9.9
220	26.9
221	49.0
222	59.0
223	0.01
224	45.0
225	3.8
226	35.0
227	1.0
228	3.8
229	69.0
230	38.5
231	65.9
232	36.0
233	2.5
234	49.95
235	38.0
236	45.0
237	42.9
238	28.0
239	30.0
240	168.0
241	23.9
242	168.0
243	33.8
244	13.8
245	22.9
246	29.0
247	148.0
248	17.9
249	35.8
250	68.0
251	8.8
252	2.0
253	25.8
254	2.8
255	18.8
256	59.99
257	129.0
258	180.0
259	188.0
260	118.0
261	79.9
262	0.15
263	23.0
264	29.99
265	10.0
266	34.98
267	9.9
268	9.9
269	15.9
270	59.8
271	69.0
272	22.0
273	109.0
274	78.0
275	20.5
276	32.0
277	81.8
278	24.9
279	78.0
280	49.9
281	108.0
282	109.0
283	178.0
284	79.9
285	0.01
286	24.9
287	25.0
288	38.8
289	13.8
290	99.0
291	49.9
292	45.0
293	29.0
294	35.0
295	109.0
296	48.23
297	68.0
298	66.0
299	8.0
300	88.0
301	126.0
302	39.0
303	39.9
304	89.0
305	5.0
306	45.0
307	108.0
308	43.0
309	89.0
310	33.0
311	68.0
312	108.0
313	29.9
314	9.6
315	27.8
316	29.8
317	3.0
318	273.0
319	30.0
320	0.8
321	50.0
322	8.9
323	28.0
324	19.8
325	129.0
326	248.0
327	79.0
328	56.6
329	25.0
330	6.8
331	1.09
332	892.5
333	19.95
334	9.9
335	19.9
336	3.04
337	45.0
338	58.8
339	5.9
340	13.6
341	9.0
342	138.0
343	9.9
344	13.9
345	35.0
346	78.0
347	16.8
348	198.0
349	78.8
350	199.0
351	52.0
352	88.0
353	96.05
354	28.0
355	128.8
356	2.6
357	168.0
358	48.9
359	13.8
360	35.0
361	35.0
362	8.8
363	228.0
364	0.9
365	99.0
366	95.0
367	39.68
368	9.9
369	59.0
370	8.9
371	28.0
372	1.68
373	56.0
374	2.5
375	78.8
376	235.0
377	30.0
378	118.0
379	49.0
380	45.0
381	168.0
382	4.5
383	178.0
384	9.9
385	39.99
386	68.0
387	5.0
388	189.0
389	28.0
390	28.0
391	109.0
392	59.0
393	1.5
394	79.0
395	49.0
