0.5419942763461737 0.4580057236538263
0.22786160301941738 0.7721383969805826
0.07020340951524517 0.9297965904847548
0.7083907722432263 0.29160922775677367
0.1418407748642121 0.8581592251357879
0.08242237049557433 0.9175776295044257
0.12425280760851465 0.8757471923914854
0.5525354921835424 0.4474645078164576
0.4061278716347384 0.5938721283652616
0.2484228512727884 0.7515771487272116
0.7175720336883463 0.2824279663116537
0.8366329240760118 0.16336707592398822
0.9322984728106244 0.0677015271893756
0.9708958244580315 0.029104175541968536
0.9777651953051322 0.022234804694867834
0.45614762506650985 0.5438523749334901
0.6604956463990386 0.3395043536009615
0.04368497651952308 0.9563150234804769
0.7984821689919968 0.20151783100800327
0.462530572951105 0.537469427048895
0.2794170576881262 0.7205829423118738
0.7810910740648299 0.21890892593517008
