0.710399 0.289601
0.602375 0.397625
0.142107 0.857893
0.0619631 0.938037
0.454223 0.545777
0.168457 0.831543
0.686505 0.313495
0.755931 0.244069
0.579413 0.420587
0.861001 0.138999
0.603565 0.396435
0.712605 0.287395
0.606644 0.393356
0.796393 0.203607
0.513554 0.486446
0.362352 0.637648
0.891125 0.108875
0.670266 0.329734
0.839625 0.160375
0.591011 0.408989
0.509638 0.490362
0.621975 0.378026
0.778205 0.221795
0.572362 0.427638
0.861478 0.138522
0.434747 0.565253
0.873834 0.126166
0.565971 0.434029
0.679046 0.320954
0.531566 0.468434
0.676298 0.323702
0.46004 0.53996
0.619945 0.380055
