0.1778139435118271 0.8221860564881729
0.07077929202992117 0.9292207079700788
0.666158144347583 0.333841855652417
0.5081710577337462 0.4918289422662538
0.951062719888161 0.048937280111838996
0.05762928270744816 0.9423707172925518
0.15330341789549695 0.846696582104503
0.2060711500277611 0.7939288499722389
0.1850744172216331 0.8149255827783669
0.09447825896478712 0.9055217410352129
0.06842646948376041 0.9315735305162396
0.8825902450672193 0.11740975493278068
0.032113039513150254 0.9678869604868497
0.7424926809394913 0.2575073190605087
0.711242717402155 0.2887572825978451
0.9206804800960221 0.07931951990397786
0.00020036336050621717 0.9997996366394938
0.7520177073385359 0.2479822926614641
0.9454989243846208 0.05450107561537919
0.48347816158378776 0.5165218384162122
0.03229399750390727 0.9677060024960927
0.6083336083918602 0.3916663916081397
0.9328998397015418 0.06710016029845818
0.6905682240263322 0.30943177597366783
0.9703392518499157 0.029660748150084335
0.7988734111313426 0.20112658886865745
0.8624541667472834 0.13754583325271663
