0.188287714823123 0.811712285176877
0.11715513643797515 0.8828448635620249
0.41386398513798406 0.5861360148620159
0.4557561407690307 0.5442438592309693
0.5375711804864016 0.4624288195135984
0.7236332030434472 0.27636679695655275
0.941469245500605 0.058530754499395
0.07551204781966703 0.924487952180333
0.979947771662937 0.020052228337062997
0.15784997400433354 0.8421500259956665
0.6866393059945346 0.31336069400546546
0.2065173347923156 0.7934826652076844
0.3640254639451197 0.6359745360548803
0.6292614913931222 0.37073850860687785
0.09965782371938614 0.9003421762806139
0.7679774063090529 0.2320225936909471
0.24812528174636372 0.7518747182536363
0.9410871073780332 0.05891289262196679
0.9868385784939879 0.01316142150601208
0.9012945865605179 0.09870541343948215
