0.9708566292444565 0.029143370755543477
0.14535252772992746 0.8546474722700725
0.014863917494399304 0.9851360825056007
0.9356663574304867 0.0643336425695133
0.5672228982260517 0.4327771017739483
0.8812443008376546 0.11875569916234542
0.1531268875122177 0.8468731124877823
0.9578633316514534 0.04213666834854659
0.682112247977491 0.3178877520225089
0.05244276438365092 0.9475572356163491
0.6683378827085762 0.3316621172914238
0.6407878259496194 0.3592121740503806
0.8393865299342851 0.16061347006571494
0.3407228314719315 0.6592771685280685
0.5801361404044109 0.41986385959558914
0.016971660812277523 0.9830283391877225
0.30927814199740344 0.6907218580025966
0.5801361404044109 0.41986385959558914
0.9344684950246975 0.0655315049753025
0.9716477387501286 0.02835226124987146
0.9493613778496915 0.050638622150308434
0.9193270909921849 0.08067290900781514
0.8274486375648366 0.17255136243516345
