0.2875452012909141 0.7124547987090859
0.5076538651521754 0.4923461348478247
0.627339460745928 0.372660539254072
0.6127437566910853 0.3872562433089147
0.5532014109394001 0.44679858906059994
0.22053839894401417 0.7794616010559858
0.7983493409011527 0.2016506590988473
0.9863837573472306 0.013616242652769402
0.9059071713494828 0.09409282865051721
0.6762123213960705 0.3237876786039295
0.04497952607313771 0.9550204739268623
0.86567926422163 0.13432073577837
0.3145625025968537 0.6854374974031463
0.7723316343004749 0.22766836569952503
0.1802693323482002 0.8197306676517998
0.9577436765578426 0.04225632344215736
0.08666220688090609 0.9133377931190939
0.9754580597717375 0.024541940228262546
0.17646299229833606 0.8235370077016639
0.14951785908372184 0.8504821409162782
0.587109632602699 0.41289036739730106
0.7236455113262921 0.27635448867370793
