0.624193 0.375807
0.680771 0.319229
0.61071 0.38929
0.61151 0.38849
0.368878 0.631121
0.410945 0.589055
0.478901 0.521099
0.609591 0.390409
0.5955 0.4045
0.814419 0.185581
0.401206 0.598794
0.463059 0.536941
0.773099 0.226901
0.566656 0.433344
0.16245 0.83755
0.516186 0.483814
0.573704 0.426296
0.352578 0.647422
0.592995 0.407005
0.0819416 0.918058
0.641333 0.358667
0.501746 0.498254
0.661293 0.338707
0.670666 0.329334
0.61964 0.38036
0.388262 0.611738
0.721451 0.278549
0.608073 0.391927
0.679825 0.320175
0.260457 0.739543
0.166677 0.833323
0.506566 0.493434
0.584959 0.415041
0.136334 0.863666
0.642503 0.357496
0.558871 0.441129
0.769628 0.230372
0.3247 0.6753
0.593902 0.406098
0.131571 0.868429
0.646876 0.353124
0.244242 0.755758
0.720455 0.279545
0.388927 0.611073
0.246698 0.753302
0.47427 0.52573
0.614291 0.385709
0.680165 0.319835
0.614914 0.385086
0.669254 0.330746
0.226017 0.773983
0.537777 0.462223
0.643142 0.356858
0.594232 0.405768
