0.8780867669715924 0.12191323302840765
0.5127963751913895 0.48720362480861046
0.9646878080143049 0.035312191985695164
0.04565061881782284 0.9543493811821772
0.8785204773570241 0.12147952264297593
0.06918732757035395 0.930812672429646
0.5489142573223484 0.45108574267765156
0.9993555742998307 0.0006444257001693525
0.8942343550482621 0.10576564495173785
0.9493878029012585 0.05061219709874159
0.26181215020475856 0.7381878497952414
0.740193953355189 0.259806046644811
0.8778781930357317 0.12212180696426835
0.9612593751987752 0.038740624801224775
0.9484273749986226 0.051572625001377354
0.12767716255468553 0.8723228374453145
0.9129263606114135 0.08707363938858645
0.2805825740531245 0.7194174259468755
0.09680013630732864 0.9031998636926714
0.9110334125574691 0.08896658744253096
0.65682698544665 0.34317301455335
0.8118839625516416 0.1881160374483583
0.8143977382066857 0.18560226179331427
0.37967977488138094 0.6203202251186191
0.6071779141588163 0.39282208584118367
0.4394742929405683 0.5605257070594317
0.6814256667734906 0.31857433322650935
0.9844997022324671 0.015500297767532905
