0.9346303183873853 0.06536968161261468
0.9257850167596898 0.07421498324031021
0.8512142378493781 0.14878576215062192
0.9156947670012727 0.08430523299872733
0.194821015140361 0.805178984859639
0.6937563685458452 0.30624363145415473
0.3491183073321641 0.6508816926678359
0.0634709416502206 0.9365290583497794
0.9883991369989978 0.011600863001002125
0.29586950281977253 0.7041304971802275
0.8568948407832218 0.14310515921677824
0.7075617544010384 0.29243824559896164
0.22581282732407437 0.7741871726759256
0.646538434561651 0.35346156543834895
0.9955978420485282 0.004402157951471838
0.9180183356447309 0.08198166435526905
0.391688818645045 0.608311181354955
0.291763602644842 0.708236397355158
0.7082380247940093 0.2917619752059907
0.45420918288464096 0.545790817115359
0.38557748762501487 0.6144225123749851
0.7358006601032159 0.26419933989678407
0.05101650965702109 0.9489834903429789
