0.824214 0.175786
0.626387 0.373613
0.285307 0.714693
0.415489 0.584511
0.214515 0.785485
0.310112 0.689888
0.851528 0.148472
0.553128 0.446872
0.641148 0.358852
0.696453 0.303547
0.739557 0.260443
0.351969 0.648031
0.268673 0.731327
0.700988 0.299012
0.508359 0.491641
0.521181 0.478819
0.714469 0.285531
0.482782 0.517218
0.720516 0.279484
0.652358 0.347642
0.618667 0.381332
0.613077 0.386923
0.802978 0.197022
0.642146 0.357854
0.704044 0.295956
0.666386 0.333614
0.769355 0.230645
0.278225 0.721775
