0.05034134375609689 0.9496586562439031
0.3066187599085871 0.6933812400914129
0.1344419171398159 0.8655580828601841
0.03855684708541318 0.9614431529145868
0.9801042401581214 0.019895759841878583
0.2913600692198306 0.7086399307801694
0.11412938567328001 0.88587061432672
0.6725721306247803 0.3274278693752197
0.7731249968499827 0.22687500315001732
0.9808373014410914 0.019162698558908595
0.8670932269468539 0.13290677305314608
0.38628982303156867 0.6137101769684313
0.05690855405786821 0.9430914459421318
0.9060003345220792 0.09399966547792078
0.06026591820010396 0.939734081799896
0.2799522852805898 0.7200477147194102
0.9345300863210135 0.06546991367898645
0.9375370801621855 0.06246291983781447
0.4351446228478514 0.5648553771521486
0.3102274492985263 0.6897725507014737
0.9985970412726474 0.001402958727352682
0.5591226804257707 0.4408773195742293
