0.7708330317999155 0.22916696820008456
0.9775318855837561 0.022468114416243894
0.8726796427995582 0.12732035720044182
0.7437133451120068 0.2562866548879932
0.21660086525320088 0.7833991347467991
0.9914938119904825 0.00850618800951747
0.9779583818373376 0.02204161816266232
0.7495602494757543 0.25043975052424566
0.9283164243567019 0.07168357564329804
0.2385693027661624 0.7614306972338376
0.9334048226560722 0.06659517734392781
0.9943962910316568 0.005603708968343121
0.9569204041838102 0.043079595816189836
0.9709558975423699 0.029044102457630123
0.9221041569077035 0.07789584309229647
0.7665525858290314 0.23344741417096865
0.8583660998021323 0.14163390019786776
0.8199314744339956 0.18006852556600433
0.9157415069685884 0.0842584930314116
0.8409050192498562 0.15909498075014383
0.12842058959898484 0.8715794104010152
