0.07588954733614761 0.9241104526638524
0.5155381908013938 0.4844618091986062
0.5539786719967889 0.44602132800321115
0.7925397920677975 0.20746020793220252
0.8487302550418588 0.1512697449581412
0.06709575731562545 0.9329042426843746
0.22273091258338096 0.777269087416619
0.44916411284874136 0.5508358871512586
0.4048199720671982 0.5951800279328018
0.01663268488662284 0.9833673151133772
0.7673302180039854 0.23266978199601468
0.9580126551314435 0.04198734486855647
0.8993765903829078 0.10062340961709221
0.9347581379321557 0.06524186206784428
0.8892756651343116 0.1107243348656884
0.9298394561830756 0.07016054381692434
0.9637670310340956 0.03623296896590445
0.9544954475936244 0.04550455240637565
0.20446411036181966 0.7955358896381803
0.9438948534603753 0.05610514653962474
0.9554974455156066 0.04450255448439339
0.8260282326279784 0.1739717673720216
0.908441529179092 0.09155847082090796
0.6154548658668051 0.3845451341331949
0.3818354151421087 0.6181645848578913
0.34295899864141466 0.6570410013585853
0.5634170840614432 0.4365829159385568
0.9738901955086381 0.026109804491361945
0.8887139476218896 0.11128605237811041
0.8204439991036528 0.17955600089634716
0.8825902450672193 0.11740975493278068
0.9193057464264881 0.08069425357351191
0.08715393489646128 0.9128460651035387
0.6199955694081288 0.38000443059187117
0.3828539878128564 0.6171460121871436
