0.7681024581865317 0.23189754181346833
0.15353433898021873 0.8464656610197813
0.11671014499622256 0.8832898550037774
0.6633622257076154 0.3366377742923846
0.9312953836517319 0.06870461634826805
0.6508244961126481 0.34917550388735186
0.6479784642715356 0.35202153572846434
0.02600558458795177 0.9739944154120482
0.26855204567055735 0.7314479543294427
0.04394154282348983 0.9560584571765102
0.10532288126679201 0.894677118733208
0.04576524985532182 0.9542347501446782
0.5567957410291999 0.4432042589708
0.02592759333394934 0.9740724066660507
0.9663427633144486 0.03365723668555141
0.7262536582737005 0.2737463417262995
0.34260184542781535 0.6573981545721846
0.9415924867900518 0.058407513209948164
0.9940630026031794 0.005936997396820599
0.102148675169763 0.897851324830237
0.06193268909170757 0.9380673109082924
0.7317624944706023 0.26823750552939774
