0.23518458886199223 0.7648154111380078
0.0014046686007139764 0.998595331399286
0.08427827519378084 0.9157217248062192
0.009840701833173093 0.9901592981668269
0.043805428934447166 0.9561945710655528
0.9932146282054942 0.006785371794505784
0.008729380612781057 0.9912706193872189
0.006897833008651433 0.9931021669913486
0.002052731810792019 0.997947268189208
0.05210320730846263 0.9478967926915374
0.9311905378518028 0.06880946214819718
0.12279413076597612 0.8772058692340239
0.3968940650705294 0.6031059349294706
0.6547557516047282 0.3452442483952718
0.08665103115329698 0.913348968846703
0.001908975590570905 0.9980910244094291
0.3497011264652632 0.6502988735347368
0.9982535976309761 0.001746402369023933
0.7298349152074295 0.2701650847925705
0.3628908481366008 0.6371091518633992
0.8385307411169854 0.16146925888301458
0.7658434882466088 0.23415651175339122
0.9739818051376867 0.026018194862313274
0.620380736054972 0.37961926394502793
0.07991407762907154 0.9200859223709285
0.7016895079141416 0.29831049208585836
0.9997823440756108 0.00021765592438914311
0.4459792973108372 0.5540207026891628
0.6383764318036399 0.3616235681963601
