0.5347448723435337 0.46525512765646626
0.21146973317701134 0.7885302668229887
0.0443481027192173 0.9556518972807827
0.41343970852152634 0.5865602914784737
0.016956712586800204 0.9830432874131998
0.17817738166862496 0.821822618331375
0.2539473826613232 0.7460526173386768
0.37553982440983025 0.6244601755901698
0.888219115497993 0.11178088450200697
0.7909638942321339 0.2090361057678661
0.4217167863467429 0.5782832136532571
0.07285918822490156 0.9271408117750984
0.2594770672989415 0.7405229327010585
0.20544156803419078 0.7945584319658092
0.5433125686767233 0.45668743132327677
0.6800909087718026 0.31990909122819744
0.04955571638019263 0.9504442836198074
0.2667125003290377 0.7332874996709623
0.3468431152163015 0.6531568847836985
0.03567369238037554 0.9643263076196245
0.06251132755595279 0.9374886724440472
0.05066378810599037 0.9493362118940096
