0.03133079720084542 0.9686692027991546
0.1111177833225867 0.8888822166774133
0.9696202004510746 0.0303797995489254
0.8766433277324391 0.12335667226756088
0.9591770804228642 0.040822919577135824
0.808442631056604 0.19155736894339606
0.1612349600377152 0.8387650399622848
0.3539130739038763 0.6460869260961237
0.9875215200359357 0.0124784799640643
0.9392234511275999 0.06077654887240016
0.8456420454238359 0.15435795457616405
0.5218790637723374 0.4781209362276626
0.6892559673714564 0.3107440326285435
0.8858483867855961 0.11415161321440391
0.9072179213416113 0.09278207865838875
0.10493231613155307 0.8950676838684469
0.11146805485768274 0.8885319451423173
0.9795662204296431 0.020433779570356865
0.9994756607604347 0.0005243392395653483
0.9771346595215743 0.022865340478425693
