0.8260912240395744 0.17390877596042562
0.3225430296198818 0.6774569703801182
0.4953167835250405 0.5046832164749595
0.150438186619561 0.849561813380439
0.0871495183273896 0.9128504816726104
0.7213632935918808 0.2786367064081193
0.17945283867109918 0.8205471613289008
0.11950821719202653 0.8804917828079735
0.13068810292754174 0.8693118970724583
0.10338385232289582 0.8966161476771042
0.36895931229080137 0.6310406877091986
0.2795794649892761 0.7204205350107239
0.7643795640676996 0.23562043593230045
0.08608910313560436 0.9139108968643956
0.8548563405419487 0.14514365945805136
0.018321770326764963 0.981678229673235
0.2724735123790407 0.7275264876209593
0.010237435616163193 0.9897625643838368
0.18459155438936548 0.8154084456106345
0.6508835140308751 0.3491164859691249
