0.5112898950636385 0.48871010493636147
0.8765230024307391 0.12347699756926088
0.9332891977207165 0.06671080227928354
0.7172760262300022 0.28272397376999786
0.21263325677591982 0.7873667432240802
0.07243035840194134 0.9275696415980587
0.47575813105836395 0.524241868941636
0.39159788591428335 0.6084021140857166
0.10349778884414496 0.896502211155855
0.08313267853827178 0.9168673214617282
0.9659051918895111 0.034094808110488935
0.38043372248459506 0.6195662775154049
0.8202846147383135 0.17971538526168648
0.255543219779394 0.744456780220606
0.11092214609450124 0.8890778539054988
0.05886278620058105 0.941137213799419
0.11384013162804674 0.8861598683719533
0.23498860037688896 0.765011399623111
0.018206743208445286 0.9817932567915547
0.07053883255516791 0.9294611674448321
0.12884054883980467 0.8711594511601953
0.9997800148892277 0.00021998511077230394
0.9487302134494021 0.05126978655059792
0.9880953381218434 0.011904661878156676
0.7776553845850598 0.22234461541494027
0.8988273819477398 0.10117261805226019
0.949709154515143 0.050290845484856926
0.929323631435789 0.07067636856421096
0.046079390091645855 0.9539206099083541
0.9790962031763005 0.020903796823699427
0.8527454639340939 0.14725453606590605
0.9959560290880419 0.004043970911958023
0.9121350516679946 0.08786494833200538
