0.9685255589350312 0.0314744410649688
0.9463921532433213 0.05360784675667869
0.8424843400874303 0.1575156599125697
0.09795333616479995 0.9020466638352
0.17997904459125547 0.8200209554087445
0.9702107629441018 0.029789237055898202
0.7522075714794698 0.24779242852053024
0.09878076792306267 0.9012192320769373
0.49403739917686385 0.5059626008231362
0.9594544808509782 0.040545519149021804
0.7701338541232952 0.22986614587670484
0.9788388665978672 0.02116113340213276
0.9244734352736255 0.07552656472637448
0.9312140325771364 0.0687859674228636
0.8867386218328652 0.11326137816713483
0.9862421478051137 0.013757852194886361
0.6412838369029312 0.3587161630970687
0.9702018228503324 0.029798177149667617
0.9403755689564938 0.059624431043506246
0.988874111184241 0.011125888815759042
0.9765814528983797 0.023418547101620245
0.7213744962765051 0.2786255037234949
0.9497452280549654 0.050254771945034596
0.9761428403912222 0.02385715960877772
0.8181283617027038 0.1818716382972963
0.9697853255126033 0.030214674487396714
0.9760988966292762 0.023901103370723802
0.5166690757618924 0.4833309242381077
0.9472763666586255 0.05272363334137453
0.7774179601045347 0.22258203989546532
0.516750853244127 0.4832491467558731
0.09792896422475583 0.9020710357752442
0.9664954133985126 0.03350458660148736
0.2577646738829332 0.7422353261170668
0.8088347253844802 0.19116527461551977
0.3769617309907882 0.6230382690092118
0.9106080541279455 0.08939194587205448
0.1275466887512995 0.8724533112487005
