0.009633446789182432 0.9903665532108176
0.9306660486112925 0.06933395138870752
0.3000020143458715 0.6999979856541285
0.8503927057095231 0.14960729429047698
0.5052613554112619 0.4947386445887381
0.5349420650247717 0.4650579349752283
0.25956248695875417 0.7404375130412458
0.32616007004672154 0.6738399299532785
0.7028311668313645 0.29716883316863557
0.3493448068242858 0.6506551931757142
0.046118804499835186 0.9538811955001648
0.6660283449976412 0.33397165500235876
0.2792977234526678 0.7207022765473322
0.025049875056723736 0.9749501249432763
0.6571591005628198 0.3428408994371802
0.7872809064797346 0.21271909352026536
0.07500260358727473 0.9249973964127253
0.09079265685792937 0.9092073431420706
0.6826227938102725 0.3173772061897276
0.8219819557611383 0.1780180442388617
0.7374881464716961 0.26251185352830386
0.7541287825374255 0.24587121746257443
0.900809357956555 0.09919064204344501
