0.34510407289843603 0.654895927101564
0.29828926381020693 0.7017107361897931
0.08751402338846392 0.9124859766115361
0.5872713717387736 0.4127286282612263
0.7139393549588724 0.28606064504112755
0.21298445532697008 0.7870155446730299
0.2950864113938001 0.7049135886061999
0.8221915974147347 0.1778084025852653
0.516878959300139 0.4831210406998609
0.9306306007253203 0.0693693992746797
0.8847116955894321 0.11528830441056788
0.9299237927986803 0.0700762072013197
0.509601003753579 0.49039899624642097
0.852904409859599 0.14709559014040097
0.9737599472747188 0.026240052725281186
0.3027520607621166 0.6972479392378834
0.34308742840670214 0.6569125715932979
0.05644608946768093 0.9435539105323191
0.10497716945553237 0.8950228305444676
0.5417017747786564 0.45829822522134356
0.7190509525890081 0.28094904741099197
0.7837460455335493 0.21625395446645065
0.5259217016803532 0.47407829831964676
0.21303626793828645 0.7869637320617136
0.8123015848891163 0.18769841511088367
0.8895146971848539 0.11048530281514614
0.7301151732091253 0.2698848267908747
0.6144026314135338 0.3855973685864662
0.9697148146153883 0.030285185384611637
0.9826933050297826 0.017306694970217463
0.9761428403912222 0.02385715960877772
0.6715807567549313 0.32841924324506866
0.9503284438038131 0.0496715561961869
0.8867047685085802 0.11329523149141982
0.7061592071133133 0.29384079288668674
0.7905065916512479 0.20949340834875205
0.7888439820987874 0.21115601790121266
0.8373405252001038 0.16265947479989618
0.9711570621325368 0.02884293786746313
0.9770724025805346 0.022927597419465404
0.5772194500803343 0.4227805499196658
0.3698184964729191 0.6301815035270809
0.9678205036621749 0.03217949633782512
